Sample	sg1_cr1	sg1_cr1:sg2_cr2	sg1_cr1:sg2_cr2:sg3_cr3	sg1_cr1:sg2_cr2:sg3_cr3:sg4_cr4	sg1_cr1:sg2_cr2:sg4_cr4	sg1_cr1:sg3_cr3	sg1_cr1:sg3_cr3:sg4_cr4	sg1_cr1:sg4_cr4	sg2_cr2	sg2_cr2:sg3_cr3	sg2_cr2:sg3_cr3:sg4_cr4	sg2_cr2:sg4_cr4	sg3_cr3	sg3_cr3:sg4_cr4	sg4_cr4
lima.0_16	16	4	9	94	3	6	134	11	4	1	11	0	12	16	4
lima.0_17	12	3	12	144	10	4	12	5	2	7	13	3	0	5	5
lima.0_18	6	3	7	119	6	1	8	3	3	2	5	2	5	7	2
lima.0_19	10	1	10	137	12	8	10	3	4	3	15	4	4	5	3
lima.0_20	13	8	16	183	43	5	10	9	4	3	18	12	2	1	3
lima.0_21	8	7	20	199	8	6	11	2	2	0	8	15	2	6	2
lima.0_22	7	5	18	205	11	4	12	3	3	8	22	4	5	4	3
lima.0_23	2	1	10	88	11	4	7	1	0	5	11	3	0	1	2
lima.0_24	69	0	5	89	9	1	3	2	4	4	13	5	3	2	0
lima.0_25	8	2	11	178	7	2	9	3	4	6	17	4	2	9	2
lima.0_26	13	2	18	240	17	3	16	4	8	7	23	3	5	4	5
lima.0_27	14	4	21	274	18	3	20	4	4	4	15	3	4	8	5
lima.0_28	22	3	12	236	21	8	11	2	5	4	27	5	3	5	3
lima.0_29	41	136	10	76	7	1	5	4	15	3	6	3	0	1	1
lima.0_30	8	3	10	106	7	3	9	4	0	1	10	3	4	1	4
lima.0_31	7	4	3	67	18	10	89	11	2	4	28	1	2	23	7
lima.0_32	9	11	11	206	34	3	6	7	7	6	28	8	3	5	7
lima.0_33	21	9	8	228	16	7	9	11	3	4	13	8	3	8	7
lima.0_34	12	4	15	231	10	5	16	5	3	7	19	3	9	3	6
lima.0_35	64	20	33	399	28	11	30	7	10	13	28	14	7	8	5
lima.0_36	17	3	17	202	18	3	15	2	5	9	18	3	2	6	0
lima.0_37	47	31	0	0	381	0	0	27	13	0	0	42	0	0	16
lima.0_38	11	6	22	214	10	7	9	8	7	3	15	5	2	6	2
lima.0_39	8	0	0	0	0	17	144	11	0	0	0	0	7	23	8
lima.1_16	25	20	0	3	235	0	1	21	14	1	0	29	0	0	10
lima.1_17	17	10	11	243	18	5	26	5	2	7	29	4	7	4	5
lima.1_18	3	2	20	125	8	1	9	5	1	3	7	2	2	4	3
lima.1_19	6	6	10	172	5	5	9	9	1	4	16	5	7	4	2
lima.1_20	27	24	0	0	289	0	0	33	14	0	0	29	0	0	10
lima.1_21	10	5	13	208	18	7	9	2	1	2	10	7	7	6	4
lima.1_22	6	5	11	173	5	5	12	3	0	6	18	3	8	6	0
lima.1_23	5	7	12	193	12	9	16	4	2	8	13	6	9	2	5
lima.1_24	7	2	20	208	19	6	9	6	4	5	18	10	3	8	6
lima.1_25	8	8	10	184	16	0	16	6	9	6	18	7	3	6	7
lima.1_26	5	2	11	174	14	5	11	4	2	3	12	9	6	3	3
lima.1_27	7	4	17	164	13	4	15	6	7	5	13	6	4	1	4
lima.1_28	7	3	10	178	22	3	19	7	1	4	10	9	1	7	5
lima.1_29	10	5	16	195	12	2	13	3	5	5	15	8	4	5	3
lima.1_30	13	8	15	190	18	2	11	4	3	7	15	6	2	3	3
lima.1_31	15	16	102	130	10	9	8	1	7	21	12	3	3	3	1
lima.1_32	20	9	28	265	21	4	22	7	11	3	26	6	3	4	7
lima.1_33	9	4	8	187	16	7	13	6	2	6	13	5	6	5	5
lima.1_34	282	3	13	119	10	3	9	3	2	5	8	4	2	5	3
lima.1_35	22	0	0	1	0	26	208	14	0	0	1	0	7	19	9
lima.1_36	11	15	15	183	12	5	15	8	6	6	18	3	6	3	3
lima.1_37	8	7	10	183	12	4	12	4	3	1	13	4	1	4	9
lima.1_38	14	4	14	148	10	5	18	7	2	3	6	2	3	5	3
lima.1_39	8	7	6	137	10	3	54	6	4	5	10	1	4	9	5
lima.2_16	21	11	16	185	90	2	10	8	8	1	11	15	3	7	4
lima.2_17	402	0	0	0	0	0	0	0	0	0	0	0	0	0	0
lima.2_18	0	0	0	0	0	0	0	0	0	0	0	0	0	0	0
lima.2_19	9	6	10	181	12	4	16	4	1	6	11	3	3	8	6
lima.2_20	14	3	19	251	23	1	18	1	10	5	15	13	6	6	6
lima.2_21	26	6	17	172	8	3	8	3	3	2	21	5	4	3	0
lima.2_22	9	18	210	13	1	14	0	0	8	16	1	0	8	1	0
lima.2_23	9	6	10	166	14	4	12	1	1	4	10	3	3	4	2
lima.2_24	11	7	101	102	10	3	6	5	4	11	7	0	7	2	2
lima.2_25	20	9	61	225	16	8	14	3	1	9	15	10	6	7	9
lima.2_26	4	3	10	145	11	2	14	5	4	6	17	4	4	2	1
lima.2_27	14	12	26	342	14	8	23	3	5	7	25	8	9	13	7
lima.2_28	5	9	14	188	12	7	6	6	5	9	13	9	3	5	9
lima.2_29	14	4	30	220	14	17	15	7	6	6	8	3	12	3	3
lima.2_30	13	4	10	221	27	2	16	7	5	11	13	6	7	6	8
lima.2_31	20	27	1	4	251	0	1	18	8	1	1	21	0	0	5
lima.2_32	40	6	20	339	20	8	22	11	10	11	23	6	3	4	8
lima.2_33	638	4	6	93	4	2	3	4	1	6	8	1	4	3	1
lima.2_34	6	5	16	214	13	7	17	9	4	6	16	6	2	7	2
lima.2_35	12	3	14	187	13	0	9	6	9	0	20	5	3	7	4
lima.2_36	10	9	22	236	12	5	18	1	7	4	25	7	3	6	3
lima.2_37	12	4	12	193	21	9	12	5	5	5	13	6	2	2	3
lima.2_38	20	7	21	260	15	5	19	4	7	3	23	4	4	7	5
lima.2_39	20	19	13	301	121	7	20	15	12	3	34	24	4	9	14
lima.3_16	1	3	14	157	10	4	15	2	2	5	10	9	3	5	3
lima.3_17	0	0	0	0	0	0	0	0	0	0	0	0	0	0	0
lima.3_18	20	4	13	128	11	2	4	4	7	2	11	4	5	10	3
lima.3_19	7	5	15	174	10	10	73	8	1	5	20	4	1	10	4
lima.3_20	19	11	18	218	23	5	12	7	4	15	14	3	4	7	6
lima.3_21	8	17	121	80	5	9	7	2	9	12	9	4	8	0	1
lima.3_22	30	7	27	260	20	7	17	7	6	4	13	4	4	6	8
lima.3_23	9	1	16	189	7	3	18	6	3	5	15	3	4	6	3
lima.3_24	13	7	21	209	26	6	16	3	5	9	15	9	8	9	4
lima.3_25	21	0	5	151	11	11	151	18	2	3	9	1	10	17	6
lima.3_26	18	23	12	232	17	4	18	3	12	7	16	5	4	10	2
lima.3_27	39	9	25	337	27	6	19	9	3	12	25	8	10	8	6
lima.3_28	12	8	18	200	12	8	11	5	4	8	23	4	6	6	4
lima.3_29	14	9	27	263	16	6	20	10	3	9	23	10	3	8	4
lima.3_30	26	10	15	250	13	8	15	3	4	9	22	8	6	13	5
lima.3_31	15	6	13	260	14	10	19	3	8	6	21	6	6	10	3
lima.3_32	24	1	12	204	10	9	12	2	6	6	15	2	9	8	3
lima.3_33	100	4	11	175	12	7	13	2	5	2	10	5	2	3	2
lima.3_34	7	5	13	212	9	8	28	7	6	8	14	4	5	5	5
lima.3_35	16	4	9	163	11	4	9	2	5	2	15	5	4	3	3
lima.3_36	14	12	21	362	24	7	23	5	4	7	17	7	10	10	10
lima.3_37	18	14	34	353	31	7	34	10	11	11	20	7	10	7	6
lima.3_38	29	10	36	428	34	14	31	13	9	7	33	8	7	6	5
lima.3_39	22	3	12	302	10	4	27	3	1	4	24	7	9	10	4
lima.4_16	3	6	11	133	6	2	10	2	5	2	10	5	1	3	2
lima.4_17	25	4	13	109	5	2	7	3	4	3	8	2	5	5	1
lima.4_18	4	8	7	141	10	3	8	5	1	1	16	5	3	4	3
lima.4_19	5	7	14	132	8	5	4	0	1	6	9	2	1	5	2
lima.4_20	10	3	9	185	9	3	11	3	2	5	15	0	2	6	4
lima.4_21	0	0	1	1	0	0	0	0	17	17	188	13	9	16	13
lima.4_22	15	10	72	265	16	6	19	6	13	19	17	6	6	5	6
lima.4_23	14	6	14	214	13	4	10	9	3	3	19	2	1	4	4
lima.4_24	83	2	11	208	15	3	6	6	1	6	11	5	5	6	3
lima.4_25	9	2	15	145	10	5	8	9	4	5	9	4	2	7	5
lima.4_26	4	5	16	159	8	4	8	7	4	7	13	2	2	3	0
lima.4_27	5	3	4	66	10	2	4	2	0	0	6	1	2	2	0
lima.4_28	4	1	9	149	10	3	17	3	0	5	10	4	3	3	2
lima.4_29	6	4	15	135	13	3	13	0	4	3	13	3	0	3	1
lima.4_30	16	4	12	136	17	4	14	1	5	5	14	4	1	8	2
lima.4_31	8	4	6	202	13	1	8	2	3	5	9	2	2	7	1
lima.4_32	3	2	11	143	8	3	10	4	5	2	14	3	5	5	5
lima.4_33	18	3	16	189	11	3	19	5	3	4	8	5	2	6	1
lima.4_34	38	0	0	2	0	0	1	236	0	0	0	0	0	4	30
lima.4_35	4	1	4	120	5	2	4	1	3	2	3	2	2	7	0
lima.4_36	4	4	11	179	16	3	10	2	5	0	9	9	2	4	9
lima.4_37	18	6	17	252	18	9	21	3	6	7	19	8	7	8	2
lima.4_38	17	7	16	262	16	2	17	4	4	9	15	6	2	5	7
lima.4_39	2	8	15	150	10	5	8	1	1	2	16	6	1	6	3
lima.5_16	18	9	20	204	20	7	10	6	7	4	24	3	3	1	1
lima.5_17	5	5	13	179	14	4	10	2	0	3	19	3	2	2	3
lima.5_18	15	8	45	179	12	6	10	3	5	8	27	7	6	5	2
lima.5_19	5	3	9	143	11	3	11	2	4	4	15	7	1	7	2
lima.5_20	6	3	22	215	7	0	14	4	1	2	14	7	4	3	3
lima.5_21	11	11	41	328	18	2	21	5	6	6	33	8	5	12	3
lima.5_22	30	3	12	204	12	5	4	6	8	7	22	2	3	6	5
lima.5_23	44	14	39	461	31	16	35	9	8	14	35	7	9	18	4
lima.5_24	23	8	28	240	28	4	18	4	9	2	11	7	2	3	2
lima.5_25	29	8	33	245	19	8	21	12	11	8	21	8	4	9	5
lima.5_26	9	9	5	194	14	3	10	0	2	5	17	5	6	7	2
lima.5_27	28	5	17	253	22	7	10	1	4	8	20	7	5	9	5
lima.5_28	10	1	13	180	15	4	11	4	5	4	18	2	5	6	4
lima.5_29	16	10	16	260	20	5	18	5	5	6	16	4	4	7	1
lima.5_30	16	12	20	234	19	6	20	8	2	7	20	5	6	6	2
lima.5_31	10	12	14	164	75	4	6	10	5	6	13	11	4	5	4
lima.5_32	7	1	5	54	3	2	5	0	3	2	5	3	1	4	5
lima.5_33	6	3	6	151	14	3	13	7	4	6	14	4	0	2	1
lima.5_34	19	4	11	124	9	16	113	13	1	3	11	0	7	12	5
lima.5_35	11	7	10	159	15	2	15	6	5	7	16	6	2	8	6
lima.5_36	8	4	14	149	14	4	9	4	3	11	14	5	3	2	3
lima.5_37	10	6	16	231	15	5	13	1	4	5	17	3	2	7	0
lima.5_38	16	11	22	234	10	5	17	5	6	8	28	7	3	6	5
lima.5_39	201	3	10	182	8	1	9	1	4	9	11	3	2	4	4
lima.6_16	10	4	13	206	12	3	19	4	5	10	9	6	2	7	5
lima.6_17	8	1	8	168	10	7	10	0	6	7	49	5	4	9	3
lima.6_18	12	6	14	177	7	6	10	3	3	4	13	3	2	9	1
lima.6_19	8	0	11	196	9	2	14	6	5	5	17	4	2	3	3
lima.6_20	17	7	11	219	11	7	5	5	10	5	26	4	4	9	4
lima.6_21	22	42	0	0	365	0	0	19	18	0	0	47	0	0	15
lima.6_22	39	12	17	264	32	9	27	11	6	9	17	10	5	14	7
lima.6_23	21	1	17	228	18	3	12	5	5	10	44	16	6	8	8
lima.6_24	19	8	18	323	19	6	24	12	6	5	30	7	10	11	8
lima.6_25	15	4	11	197	15	14	76	9	1	5	5	3	9	9	5
lima.6_26	9	1	13	192	14	1	8	0	2	4	10	4	2	3	2
lima.6_27	429	0	0	2	0	1	0	0	0	0	1	0	0	0	1
lima.6_28	25	11	16	259	16	4	17	4	4	7	23	10	7	13	8
lima.6_29	7	4	17	201	13	5	15	5	2	6	12	3	6	9	2
lima.6_30	32	30	0	1	317	0	0	23	12	0	0	35	0	0	19
lima.6_31	10	5	12	197	19	4	7	2	2	3	13	4	2	3	3
lima.6_32	24	8	10	145	22	19	109	6	4	3	8	6	6	12	5
lima.6_33	40	9	10	194	10	2	12	3	8	10	13	8	4	7	2
lima.6_34	10	1	10	64	4	17	136	11	3	1	10	0	6	10	4
lima.6_35	80	8	26	226	16	6	12	5	4	5	20	9	4	15	4
lima.6_36	9	4	7	175	16	4	11	2	7	4	14	7	3	5	7
lima.6_37	9	6	21	194	11	2	20	5	5	6	15	4	2	9	2
lima.6_38	46	16	32	451	28	10	28	9	8	13	27	10	9	12	8
lima.6_39	19	8	24	335	17	15	27	5	3	7	25	11	9	12	7
lima.7_16	11	6	8	154	18	4	12	1	0	3	4	6	1	0	7
lima.7_17	6	4	14	140	11	3	34	9	3	3	13	4	6	4	4
lima.7_18	6	5	16	169	8	6	5	3	3	5	13	3	4	8	3
lima.7_19	6	2	7	126	5	8	63	3	1	1	10	2	5	5	10
lima.7_20	10	6	11	173	3	8	6	4	2	6	17	0	1	3	2
lima.7_21	8	6	9	166	9	4	9	6	4	6	10	4	2	0	2
lima.7_22	24	6	24	260	34	6	14	6	2	5	23	7	3	10	9
lima.7_23	11	5	12	181	9	1	9	8	5	6	22	6	5	3	4
lima.7_24	7	2	13	198	12	2	9	4	0	4	16	5	3	11	1
lima.7_25	9	3	13	161	9	4	10	5	0	7	18	7	4	4	2
lima.7_26	10	4	19	255	12	11	24	2	3	6	20	7	3	7	3
lima.7_27	9	6	15	229	17	3	12	4	3	7	16	5	3	7	2
lima.7_28	19	9	14	225	20	4	16	6	6	3	13	5	3	11	4
lima.7_29	9	3	13	120	5	6	4	1	3	7	6	7	0	3	3
lima.7_30	7	5	14	182	21	5	14	0	6	5	8	7	3	5	2
lima.7_31	33	3	28	277	25	2	15	4	4	9	16	3	7	5	2
lima.7_32	13	2	15	182	11	3	11	5	3	6	17	7	7	4	4
lima.7_33	8	3	17	155	15	5	8	7	3	3	15	2	5	6	3
lima.7_34	141	3	5	118	5	7	6	1	4	2	11	2	3	3	1
lima.7_35	11	4	10	214	15	1	8	4	2	2	18	3	4	4	2
lima.7_36	7	3	11	181	11	4	16	1	8	4	10	4	1	7	1
lima.7_37	9	5	12	158	13	1	7	2	2	2	8	5	2	2	4
lima.7_38	34	12	19	288	16	9	15	8	3	3	19	16	2	8	3
lima.7_39	15	6	15	211	23	2	14	8	2	4	12	4	4	10	4
lima.8_16	5	8	16	177	9	3	13	5	5	6	10	5	3	6	6
lima.8_17	4	4	8	173	6	1	8	5	4	2	11	3	3	8	2
lima.8_18	3	2	10	138	7	3	9	4	4	5	12	2	3	8	3
lima.8_19	8	3	17	155	10	3	11	6	3	6	14	7	2	4	3
lima.8_20	6	12	12	157	8	6	17	4	8	2	16	8	3	9	3
lima.8_21	5	6	12	165	6	5	10	4	3	0	7	5	3	5	3
lima.8_22	23	0	2	23	0	37	330	28	0	0	1	1	15	33	11
lima.8_23	3	2	7	118	9	3	10	4	0	7	17	3	6	3	4
lima.8_24	8	7	17	189	18	6	10	9	7	3	11	7	1	3	7
lima.8_25	487	0	0	0	0	0	0	0	0	0	0	0	0	0	0
lima.8_26	14	4	15	203	16	4	12	7	3	5	17	7	4	9	2
lima.8_27	27	4	36	175	7	54	33	9	3	14	20	4	7	9	5
lima.8_28	8	3	16	211	10	3	20	7	6	3	10	7	2	6	4
lima.8_29	6	3	12	100	11	8	73	7	0	1	9	2	2	13	8
lima.8_30	250	5	8	75	5	4	19	1	4	2	7	1	0	1	2
lima.8_31	29	6	9	175	7	3	18	3	0	1	10	3	2	4	8
lima.8_32	12	6	13	225	12	5	14	3	4	7	12	5	5	2	3
lima.8_33	8	3	14	178	14	6	9	3	4	6	17	8	8	4	4
lima.8_34	15	66	28	124	47	4	9	4	17	5	7	11	7	1	4
lima.8_35	8	3	8	169	7	1	12	2	6	4	15	6	4	4	7
lima.8_36	4	0	7	161	10	1	13	0	3	1	7	3	3	3	2
lima.8_37	13	7	29	346	19	6	24	2	5	5	23	5	3	9	4
lima.8_38	4	2	8	124	7	2	11	1	0	2	8	2	2	3	5
lima.8_39	27	18	246	1	0	16	0	0	10	25	0	0	9	0	0
lima.9_16	13	6	19	154	21	0	13	3	3	4	14	3	4	5	3
lima.9_17	30	8	7	157	85	2	15	14	10	2	9	11	4	10	4
lima.9_18	12	1	6	52	4	11	184	18	0	1	1	3	9	18	12
lima.9_19	5	3	8	182	14	3	9	0	0	7	18	3	2	4	4
lima.9_20	2	5	20	181	15	7	19	4	2	7	9	5	5	4	2
lima.9_21	12	3	17	202	12	6	19	5	4	4	15	5	4	5	3
lima.9_22	16	5	19	195	11	9	77	13	7	3	27	4	8	12	1
lima.9_23	1380	0	7	41	3	2	3	2	2	3	1	1	0	0	1
lima.9_24	29	10	14	239	14	5	18	6	10	7	33	4	1	9	4
lima.9_25	17	7	12	247	16	4	31	7	3	13	38	9	7	10	5
lima.9_26	6	6	8	189	15	5	17	4	4	5	18	6	4	4	5
lima.9_27	11	2	15	233	12	5	18	13	3	4	23	8	4	7	8
lima.9_28	4	1	10	150	7	1	12	2	5	7	15	5	3	2	3
lima.9_29	21	14	139	105	5	14	5	5	8	23	7	2	6	2	3
lima.9_30	10	5	13	181	12	4	11	2	1	6	16	2	2	4	5
lima.9_31	2	0	0	0	0	18	114	12	0	0	0	0	5	11	3
lima.9_32	8	3	11	200	9	4	14	5	3	3	14	0	1	3	3
lima.9_33	3	3	12	235	18	5	16	5	10	8	19	7	2	5	3
lima.9_34	12	9	14	280	13	9	18	4	3	5	15	8	8	9	5
lima.9_35	8	3	11	115	14	2	12	5	1	3	11	7	2	2	0
lima.9_36	10	8	11	206	21	4	18	6	6	4	14	2	4	6	2
lima.9_37	10	5	15	238	18	8	12	2	5	6	18	4	4	3	6
lima.9_38	18	15	123	90	6	14	4	2	6	16	5	1	1	3	1
lima.9_39	10	6	15	256	17	2	12	10	7	6	20	14	4	7	3
lima.10_16	9	9	10	160	73	3	11	8	6	5	15	6	2	7	11
lima.10_17	7	0	14	160	7	3	10	3	6	8	55	8	5	6	4
lima.10_18	16	6	12	224	9	5	12	7	7	4	21	7	4	3	10
lima.10_19	6	3	14	233	14	3	7	3	2	6	16	4	3	5	1
lima.10_20	18	5	29	258	11	6	9	4	7	7	24	3	5	9	7
lima.10_21	18	8	49	203	8	8	17	5	2	12	18	6	6	6	2
lima.10_22	16	10	30	429	27	11	29	11	4	10	32	13	4	11	4
lima.10_23	7	3	11	198	22	7	14	7	3	2	18	9	3	5	2
lima.10_24	187	6	13	151	6	4	9	3	10	5	11	3	3	3	4
lima.10_25	20	8	93	217	11	16	9	4	6	10	12	4	8	6	8
lima.10_26	9	10	12	226	20	7	15	6	2	8	18	9	6	7	1
lima.10_27	50	13	20	343	44	9	20	9	4	5	31	6	5	4	8
lima.10_28	22	6	14	277	25	5	6	3	5	8	17	7	3	8	5
lima.10_29	1	1	12	130	5	4	11	2	2	3	10	1	1	4	0
lima.10_30	17	5	11	221	12	7	15	1	2	8	22	5	7	6	3
lima.10_31	20	3	3	51	1	22	252	17	2	0	2	1	8	33	14
lima.10_32	39	9	24	328	21	8	19	7	5	4	23	7	2	7	0
lima.10_33	17	2	12	245	13	9	14	8	3	10	19	5	6	9	3
lima.10_34	17	11	22	278	20	9	10	4	7	3	22	5	2	9	10
lima.10_35	6	3	9	128	8	3	51	5	4	2	12	1	5	16	5
lima.10_36	9	8	16	228	16	6	17	8	4	6	16	3	2	5	4
lima.10_37	6	0	1	20	1	3	17	1	22	40	337	32	21	50	13
lima.10_38	10	9	19	257	20	8	6	3	6	8	12	6	5	6	1
lima.10_39	16	7	19	242	18	5	22	9	8	9	20	5	7	7	6
lima.11_16	19	6	12	209	12	6	16	1	3	7	25	4	7	8	6
lima.11_17	12	6	16	260	17	12	18	4	1	10	24	7	3	8	5
lima.11_18	9	8	18	261	8	10	13	8	10	10	25	4	3	4	5
lima.11_19	3	7	19	212	16	6	11	4	3	7	6	2	4	6	1
lima.11_20	37	10	38	484	20	14	36	6	6	14	32	2	7	9	6
lima.11_21	31	15	32	416	26	13	36	11	10	18	36	15	5	14	6
lima.11_22	35	7	10	225	16	3	11	12	3	4	14	6	8	9	4
lima.11_23	11	9	15	177	29	4	24	11	3	4	10	4	3	3	6
lima.11_24	13	24	9	116	175	1	9	18	5	2	7	13	1	7	6
lima.11_25	9	9	17	309	14	4	17	3	1	7	29	8	4	7	3
lima.11_26	10	4	15	288	17	3	11	3	3	9	18	10	3	8	4
lima.11_27	64	7	21	265	14	7	19	4	6	7	27	13	7	3	5
lima.11_28	20	4	17	267	6	9	21	5	6	15	21	5	5	15	3
lima.11_29	13	6	21	288	16	8	11	5	3	1	18	5	3	6	5
lima.11_30	18	7	13	233	25	3	12	7	4	3	17	8	3	5	3
lima.11_31	23	13	22	318	24	5	14	7	2	4	19	3	2	5	5
lima.11_32	8	9	20	283	17	3	18	4	4	7	18	2	5	7	7
lima.11_33	21	8	20	318	15	9	20	5	6	9	12	7	6	10	5
lima.11_34	12	13	14	263	33	6	18	8	9	5	18	10	1	5	7
lima.11_35	11	4	19	239	18	6	20	6	5	3	21	6	3	5	5
lima.11_36	3	4	11	120	10	4	10	2	6	7	12	6	6	3	4
lima.11_37	17	8	20	232	22	4	13	7	10	8	18	3	3	4	5
lima.11_38	20	13	28	303	23	6	14	10	6	8	21	11	7	8	10
lima.11_39	14	6	20	216	17	5	12	8	8	5	19	7	6	5	4
lima.12_16	22	7	19	223	15	7	43	3	3	8	19	5	7	7	6
lima.12_17	15	14	36	440	32	16	34	15	7	9	29	18	6	13	8
lima.12_18	10	12	19	157	43	5	8	9	12	0	12	6	2	3	4
lima.12_19	4	5	11	229	18	6	18	4	3	6	20	7	3	7	7
lima.12_20	26	1	2	37	2	3	6	0	0	3	5	2	0	1	0
lima.12_21	24	3	17	253	24	6	22	7	2	11	24	4	6	10	4
lima.12_22	21	5	21	305	20	5	13	4	5	10	21	8	5	7	7
lima.12_23	19	7	21	271	16	1	16	5	1	8	15	5	2	6	3
lima.12_24	13	6	15	281	20	6	13	5	7	8	14	5	5	6	3
lima.12_25	266	0	7	124	13	3	7	1	3	6	19	1	0	5	1
lima.12_26	7	6	7	178	12	1	14	10	9	7	9	1	1	5	3
lima.12_27	13	6	28	273	19	9	12	6	7	11	20	11	3	9	4
lima.12_28	6	4	19	255	17	10	17	6	2	10	12	4	6	8	2
lima.12_29	12	3	26	243	18	4	17	5	4	3	49	6	2	8	7
lima.12_30	8	6	15	197	10	2	11	3	5	4	16	3	6	6	3
lima.12_31	22	12	31	253	24	22	22	6	6	11	19	10	9	4	7
lima.12_32	169	1	5	150	8	7	16	6	0	6	7	4	3	6	2
lima.12_33	14	3	23	275	14	4	15	11	3	6	18	9	3	8	6
lima.12_34	9	8	34	374	27	8	25	3	5	7	25	5	8	10	8
lima.12_35	6	6	17	214	15	1	28	2	3	8	22	3	1	10	7
lima.12_36	11	8	26	289	13	7	9	6	5	3	22	9	3	7	4
lima.12_37	18	10	33	390	24	8	28	9	6	16	28	7	6	8	9
lima.12_38	21	12	30	401	24	12	31	5	17	11	32	12	9	8	11
lima.12_39	905	114	5	2	2	0	1	1	19	0	2	0	0	0	0
lima.13_16	10	3	11	203	22	7	16	1	5	4	20	11	1	6	3
lima.13_17	6	4	25	189	26	6	13	7	3	7	21	4	5	7	3
lima.13_18	9	5	13	192	15	3	12	3	2	2	12	5	4	1	3
lima.13_19	5	11	9	119	68	5	3	8	5	0	4	11	3	4	6
lima.13_20	13	8	20	224	15	3	23	6	4	5	33	9	7	9	2
lima.13_21	8	5	7	126	7	14	117	10	3	2	12	2	7	14	9
lima.13_22	27	5	17	324	19	8	21	6	4	1	13	7	3	8	4
lima.13_23	12	8	13	185	11	1	33	4	7	6	13	3	5	8	1
lima.13_24	8	5	14	196	16	2	10	3	3	3	19	5	4	3	4
lima.13_25	5	1	5	141	8	5	7	2	3	6	10	1	2	1	0
lima.13_26	3	0	7	190	9	3	8	2	5	9	33	4	3	8	3
lima.13_27	19	5	23	275	10	5	11	7	1	11	23	5	4	10	8
lima.13_28	3	1	10	186	12	4	12	4	5	6	13	6	3	8	5
lima.13_29	13	6	20	236	16	5	10	2	2	9	15	5	3	5	5
lima.13_30	9	0	6	72	4	4	3	1	0	1	2	3	1	0	1
lima.13_31	8	2	8	147	15	2	11	1	4	2	12	9	4	8	0
lima.13_32	5	3	8	193	11	8	16	5	5	1	18	5	2	5	3
lima.13_33	6	4	43	143	14	6	13	5	1	10	12	1	2	10	5
lima.13_34	6	2	7	159	6	1	16	3	4	4	8	4	3	3	5
lima.13_35	5	6	8	147	16	3	14	2	1	5	13	2	5	4	6
lima.13_36	16	10	19	339	21	14	21	7	5	8	25	10	6	3	8
lima.13_37	6	3	15	169	12	5	17	5	4	8	15	3	2	6	4
lima.13_38	16	9	17	322	31	6	23	7	2	7	29	7	8	13	0
lima.13_39	11	5	24	212	12	9	8	4	2	3	13	5	5	9	8
lima.14_16	13	7	17	225	20	7	29	12	0	4	14	5	3	18	1
lima.14_17	10	9	14	164	35	5	44	7	3	7	4	4	5	11	4
lima.14_18	99	5	6	132	12	2	13	6	0	4	10	6	3	4	2
lima.14_19	12	10	10	238	17	1	4	5	4	6	34	5	2	10	3
lima.14_20	12	3	14	281	17	7	21	6	7	11	22	8	6	8	7
lima.14_21	253	3	9	92	5	4	7	2	1	2	11	3	2	2	3
lima.14_22	15	4	14	309	17	5	19	8	3	7	24	9	8	11	6
lima.14_23	7	7	17	246	17	3	10	5	4	10	13	7	5	4	7
lima.14_24	9	4	18	192	10	4	7	3	3	6	15	6	5	3	1
lima.14_25	20	7	10	196	9	13	46	9	3	7	20	6	5	11	7
lima.14_26	10	3	9	199	15	5	11	5	4	4	15	3	8	6	5
lima.14_27	13	8	24	284	38	10	22	7	6	11	19	7	7	6	6
lima.14_28	9	2	7	145	4	13	51	6	1	2	10	8	1	8	3
lima.14_29	7	4	28	209	12	7	11	8	4	4	34	5	4	6	6
lima.14_30	16	4	19	286	18	2	18	9	6	8	18	9	2	12	5
lima.14_31	14	7	13	268	16	1	13	3	6	8	17	5	6	10	6
lima.14_32	21	5	16	302	25	4	19	8	4	5	28	8	6	7	3
lima.14_33	13	6	17	201	14	2	26	5	7	8	14	1	3	3	1
lima.14_34	17	9	17	232	19	6	9	4	3	4	23	10	5	6	6
lima.14_35	11	4	2	79	5	7	112	11	2	2	4	3	9	5	3
lima.14_36	7	7	12	215	21	10	18	6	5	5	14	2	3	6	2
lima.14_37	19	12	23	355	27	5	25	7	7	5	25	9	3	10	7
lima.14_38	28	6	14	306	28	9	18	5	1	7	27	8	3	11	5
lima.14_39	11	4	17	175	14	6	16	4	6	5	24	5	4	7	2
lima.15_16	11	7	40	200	19	12	39	6	3	6	17	5	12	8	3
lima.15_17	14	8	18	262	23	6	20	1	5	7	20	7	2	5	7
lima.15_18	403	15	3	51	5	2	4	1	1	3	1	0	1	5	0
lima.15_19	8	5	11	203	13	4	16	2	3	12	15	3	6	7	4
lima.15_20	11	8	9	201	11	6	13	2	5	5	16	5	5	4	5
lima.15_21	11	70	4	101	2	3	7	4	15	2	15	4	1	5	0
lima.15_22	14	7	64	174	5	8	11	3	2	8	9	6	8	7	1
lima.15_23	11	8	19	206	8	13	13	6	5	5	13	6	3	12	3
lima.15_24	14	2	16	187	11	5	23	7	7	8	34	6	3	6	5
lima.15_25	3	10	13	194	8	11	12	2	2	4	13	5	4	3	3
lima.15_26	91	4	15	186	14	4	18	4	5	7	7	5	1	4	1
lima.15_27	15	4	19	229	19	8	60	7	7	6	18	6	2	18	8
lima.15_28	5	6	7	163	8	6	17	6	1	7	9	1	1	5	1
lima.15_29	398	4	6	74	4	2	0	1	2	2	5	0	1	5	2
lima.15_30	8	1	16	209	11	8	13	4	6	2	18	5	2	6	3
lima.15_31	16	4	9	225	19	3	13	5	6	9	24	6	3	12	3
lima.15_32	21	5	20	276	16	6	16	6	8	11	26	6	4	7	6
lima.15_33	316	4	39	62	7	2	4	2	5	5	8	3	1	2	2
lima.15_34	5	2	10	155	9	3	8	2	0	3	9	4	1	3	1
lima.15_35	47	10	2	46	46	2	7	2	2	2	4	5	1	2	4
lima.15_36	9	6	8	144	14	4	16	5	2	5	8	5	1	2	7
lima.15_37	4	5	15	186	15	4	11	5	0	8	14	1	3	5	2
lima.15_38	4	1	4	92	2	2	6	2	3	2	7	2	0	3	0
lima.15_39	4	11	16	233	13	2	14	4	1	7	23	4	2	6	5
