sample	tot	sg1_cr1_identical	sg1_cr1_perc	sg2_cr2_identical	sg2_cr2_perc	sg3_cr3_identical	sg3_cr3_perc	sg4_cr4_identical	sg4_cr4_perc
lima.0_16	349	277	79.37	126	36.10	283	81.09	273	78.22
lima.0_17	258	202	78.29	194	75.19	197	76.36	197	76.36
lima.0_18	237	153	64.56	147	62.03	154	64.98	152	64.14
lima.0_19	279	191	68.46	186	66.67	192	68.82	189	67.74
lima.0_20	376	287	76.33	287	76.33	238	63.30	279	74.20
lima.0_21	322	261	81.06	259	80.43	252	78.26	251	77.95
lima.0_22	349	265	75.93	276	79.08	278	79.66	264	75.64
lima.0_23	177	124	70.06	129	72.88	126	71.19	124	70.06
lima.0_24	250	178	71.20	129	51.60	120	48.00	123	49.20
lima.0_25	281	220	78.29	229	81.49	234	83.27	229	81.49
lima.0_26	399	313	78.45	318	79.70	316	79.20	312	78.20
lima.0_27	432	358	82.87	343	79.40	349	80.79	347	80.32
lima.0_28	398	315	79.15	313	78.64	306	76.88	310	77.89
lima.0_29	360	280	77.78	256	71.11	102	28.33	103	28.61
lima.0_30	202	150	74.26	140	69.31	144	71.29	144	71.29
lima.0_31	322	209	64.91	127	39.44	226	70.19	244	75.78
lima.0_32	377	287	76.13	311	82.49	268	71.09	301	79.84
lima.0_33	385	309	80.26	289	75.06	280	72.73	300	77.92
lima.0_34	377	298	79.05	292	77.45	305	80.90	293	77.72
lima.0_35	722	592	81.99	545	75.48	529	73.27	519	71.88
lima.0_36	355	277	78.03	275	77.46	272	76.62	264	74.37
lima.0_37	612	486	79.41	467	76.31	0	0.00	466	76.14
lima.0_38	364	287	78.85	282	77.47	278	76.37	269	73.90
lima.0_39	256	180	70.31	0	0.00	191	74.61	186	72.66
lima.1_16	382	305	79.84	302	79.06	5	1.31	299	78.27
lima.1_17	425	335	78.82	324	76.24	332	78.12	334	78.59
lima.1_18	224	173	77.23	168	75.00	171	76.34	163	72.77
lima.1_19	291	222	76.29	219	75.26	227	78.01	222	76.29
lima.1_20	471	373	79.19	356	75.58	0	0.00	361	76.65
lima.1_21	346	272	78.61	264	76.30	262	75.72	264	76.30
lima.1_22	284	220	77.46	221	77.82	239	84.15	220	77.46
lima.1_23	337	258	76.56	253	75.07	262	77.74	251	74.48
lima.1_24	370	277	74.86	286	77.30	277	74.86	284	76.76
lima.1_25	325	248	76.31	258	79.38	243	74.77	260	80.00
lima.1_26	290	226	77.93	227	78.28	225	77.59	230	79.31
lima.1_27	297	230	77.44	229	77.10	223	75.08	222	74.75
lima.1_28	328	249	75.91	237	72.26	232	70.73	257	78.35
lima.1_29	333	256	76.88	261	78.38	255	76.58	254	76.28
lima.1_30	334	261	78.14	262	78.44	245	73.35	250	74.85
lima.1_31	377	291	77.19	301	79.84	288	76.39	168	44.56
lima.1_32	464	376	81.03	369	79.53	355	76.51	358	77.16
lima.1_33	317	250	78.86	241	76.03	245	77.29	250	78.86
lima.1_34	545	442	81.10	164	30.09	164	30.09	161	29.54
lima.1_35	353	271	76.77	2	0.57	262	74.22	252	71.39
lima.1_36	330	264	80.00	258	78.18	251	76.06	245	74.24
lima.1_37	308	240	77.92	233	75.65	228	74.03	241	78.25
lima.1_38	271	220	81.18	189	69.74	202	74.54	199	73.43
lima.1_39	317	231	72.87	180	56.78	228	71.92	232	73.19
lima.2_16	435	343	78.85	337	77.47	235	54.02	330	75.86
lima.2_17	482	402	83.40	0	0.00	0	0.00	0	0.00
lima.2_18	40	0	0.00	0	0.00	0	0.00	0	0.00
lima.2_19	325	242	74.46	230	70.77	239	73.54	241	74.15
lima.2_20	415	330	79.52	339	81.69	321	77.35	333	80.24
lima.2_21	333	243	72.97	234	70.27	230	69.07	220	66.07
lima.2_22	342	265	77.49	267	78.07	263	76.90	16	4.68
lima.2_23	284	222	78.17	214	75.35	213	75.00	212	74.65
lima.2_24	333	245	73.57	242	72.67	239	71.77	134	40.24
lima.2_25	456	356	78.07	346	75.88	345	75.66	299	65.57
lima.2_26	268	194	72.39	200	74.63	200	74.63	199	74.25
lima.2_27	558	442	79.21	439	78.67	453	81.18	435	77.96
lima.2_28	334	247	73.95	259	77.54	245	73.35	248	74.25
lima.2_29	394	321	81.47	291	73.86	311	78.93	273	69.29
lima.2_30	405	300	74.07	297	73.33	286	70.62	304	75.06
lima.2_31	407	322	79.12	314	77.15	8	1.97	301	73.96
lima.2_32	572	466	81.47	435	76.05	430	75.17	433	75.70
lima.2_33	922	754	81.78	123	13.34	125	13.56	117	12.69
lima.2_34	383	287	74.93	280	73.11	285	74.41	284	74.15
lima.2_35	334	244	73.05	251	75.15	240	71.86	251	75.15
lima.2_36	403	313	77.67	322	79.90	319	79.16	308	76.43
lima.2_37	341	268	78.59	259	75.95	248	72.73	255	74.78
lima.2_38	438	351	80.14	340	77.63	342	78.08	337	76.94
lima.2_39	699	516	73.82	527	75.39	391	55.94	538	76.97
lima.3_16	277	206	74.37	210	75.81	213	76.90	211	76.17
lima.3_17	20	0	0.00	0	0.00	0	0.00	0	0.00
lima.3_18	278	186	66.91	180	64.75	175	62.95	175	62.95
lima.3_19	381	302	79.27	234	61.42	308	80.84	303	79.53
lima.3_20	408	313	76.72	306	75.00	293	71.81	290	71.08
lima.3_21	334	249	74.55	257	76.95	246	73.65	108	32.34
lima.3_22	471	375	79.62	341	72.40	338	71.76	335	71.13
lima.3_23	321	249	77.57	239	74.45	256	79.75	247	76.95
lima.3_24	394	301	76.40	301	76.40	293	74.37	291	73.86
lima.3_25	477	368	77.15	182	38.16	357	74.84	364	76.31
lima.3_26	440	327	74.32	324	73.64	303	68.86	303	68.86
lima.3_27	592	471	79.56	446	75.34	442	74.66	439	74.16
lima.3_28	389	274	70.44	277	71.21	280	71.98	265	68.12
lima.3_29	470	365	77.66	360	76.60	359	76.38	354	75.32
lima.3_30	448	340	75.89	331	73.88	338	75.45	329	73.44
lima.3_31	440	340	77.27	334	75.91	345	78.41	336	76.36
lima.3_32	369	274	74.25	256	69.38	275	74.53	256	69.38
lima.3_33	415	324	78.07	224	53.98	223	53.73	222	53.49
lima.3_34	378	289	76.46	271	71.69	293	77.51	284	75.13
lima.3_35	297	218	73.40	214	72.05	209	70.37	211	71.04
lima.3_36	589	468	79.46	454	77.08	457	77.59	458	77.76
lima.3_37	631	501	79.40	481	76.23	476	75.44	468	74.17
lima.3_38	711	595	83.68	565	79.47	562	79.04	558	78.48
lima.3_39	503	383	76.14	363	72.17	392	77.93	387	76.94
lima.4_16	228	173	75.88	178	78.07	172	75.44	171	75.00
lima.4_17	223	168	75.34	148	66.37	152	68.16	140	62.78
lima.4_18	245	186	75.92	189	77.14	183	74.69	192	78.37
lima.4_19	240	175	72.92	179	74.58	176	73.33	162	67.50
lima.4_20	303	233	76.90	228	75.25	236	77.89	233	76.90
lima.4_21	328	2	0.61	237	72.26	232	70.73	231	70.43
lima.4_22	516	409	79.26	418	81.01	409	79.26	340	65.89
lima.4_23	354	284	80.23	274	77.40	269	75.99	275	77.68
lima.4_24	416	334	80.29	259	62.26	256	61.54	260	62.50
lima.4_25	261	203	77.78	194	74.33	196	75.10	197	75.48
lima.4_26	272	211	77.57	214	78.68	212	77.94	200	73.53
lima.4_27	140	96	68.57	90	64.29	86	61.43	91	65.00
lima.4_28	251	196	78.09	188	74.90	199	79.28	198	78.88
lima.4_29	253	189	74.70	190	75.10	185	73.12	181	71.54
lima.4_30	276	204	73.91	197	71.38	194	70.29	196	71.01
lima.4_31	316	244	77.22	244	77.22	240	75.95	244	77.22
lima.4_32	263	184	69.96	188	71.48	193	73.38	192	73.00
lima.4_33	326	264	80.98	239	73.31	247	75.77	244	74.85
lima.4_34	356	277	77.81	2	0.56	7	1.97	273	76.69
lima.4_35	181	141	77.90	140	77.35	144	79.56	142	78.45
lima.4_36	295	229	77.63	233	78.98	218	73.90	238	80.68
lima.4_37	438	344	78.54	333	76.03	340	77.63	331	75.57
lima.4_38	429	341	79.49	335	78.09	328	76.46	332	77.39
lima.4_39	276	199	72.10	208	75.36	203	73.55	200	72.46
lima.5_16	368	294	79.89	291	79.08	273	74.18	269	73.10
lima.5_17	300	232	77.33	236	78.67	232	77.33	232	77.33
lima.5_18	382	278	72.77	291	76.18	286	74.87	245	64.14
lima.5_19	253	187	73.91	196	77.47	193	76.28	198	78.26
lima.5_20	342	271	79.24	271	79.24	274	80.12	267	78.07
lima.5_21	549	437	79.60	451	82.15	448	81.60	428	77.96
lima.5_22	370	276	74.59	270	72.97	263	71.08	261	70.54
lima.5_23	789	649	82.26	609	77.19	627	79.47	600	76.05
lima.5_24	421	353	83.85	333	79.10	308	73.16	313	74.35
lima.5_25	475	375	78.95	353	74.32	349	73.47	340	71.58
lima.5_26	325	244	75.08	251	77.23	247	76.00	249	76.62
lima.5_27	431	343	79.58	336	77.96	329	76.33	327	75.87
lima.5_28	312	238	76.28	238	76.28	241	77.24	240	76.92
lima.5_29	435	350	80.46	337	77.47	332	76.32	331	76.09
lima.5_30	413	335	81.11	319	77.24	319	77.24	314	76.03
lima.5_31	383	295	77.02	300	78.33	216	56.40	288	75.20
lima.5_32	138	77	55.80	76	55.07	78	56.52	79	57.25
lima.5_33	259	203	78.38	202	77.99	195	75.29	206	79.54
lima.5_34	389	309	79.43	163	41.90	297	76.35	287	73.78
lima.5_35	312	225	72.12	225	72.12	219	70.19	231	74.04
lima.5_36	265	206	77.74	214	80.75	206	77.74	200	75.47
lima.5_37	365	297	81.37	297	81.37	296	81.10	287	78.63
lima.5_38	417	320	76.74	326	78.18	323	77.46	312	74.82
lima.5_39	512	415	81.05	230	44.92	228	44.53	222	43.36
lima.6_16	354	271	76.55	265	74.86	269	75.99	268	75.71
lima.6_17	348	212	60.92	254	72.99	262	75.29	254	72.99
lima.6_18	318	235	73.90	227	71.38	235	73.90	223	70.13
lima.6_19	325	246	75.69	247	76.00	250	76.92	252	77.54
lima.6_20	394	282	71.57	293	74.37	286	72.59	283	71.83
lima.6_21	588	448	76.19	472	80.27	0	0.00	446	75.85
lima.6_22	528	411	77.84	367	69.51	362	68.56	382	72.35
lima.6_23	437	305	69.79	339	77.57	328	75.06	339	77.57
lima.6_24	553	429	77.58	416	75.23	427	77.22	434	78.48
lima.6_25	419	341	81.38	241	57.52	326	77.80	319	76.13
lima.6_26	292	238	81.51	240	82.19	233	79.79	233	79.79
lima.6_27	524	432	82.44	3	0.57	4	0.76	4	0.76
lima.6_28	468	352	75.21	346	73.93	346	73.93	350	74.79
lima.6_29	353	267	75.64	258	73.09	271	76.77	260	73.65
lima.6_30	507	403	79.49	395	77.91	1	0.20	395	77.91
lima.6_31	317	256	80.76	255	80.44	241	76.03	248	78.23
lima.6_32	433	343	79.21	206	47.58	312	72.06	313	72.29
lima.6_33	382	280	73.30	262	68.59	252	65.97	249	65.18
lima.6_34	328	253	77.13	93	28.35	254	77.44	239	72.87
lima.6_35	492	379	77.03	314	63.82	314	63.82	307	62.40
lima.6_36	307	228	74.27	234	76.22	223	72.64	237	77.20
lima.6_37	353	268	75.92	262	74.22	269	76.20	260	73.65
lima.6_38	759	620	81.69	585	77.08	582	76.68	573	75.49
lima.6_39	559	450	80.50	430	76.92	454	81.22	439	78.53
lima.7_16	259	214	82.63	199	76.83	186	71.81	202	77.99
lima.7_17	292	221	75.68	192	65.75	217	74.32	219	75.00
lima.7_18	298	218	73.15	222	74.50	226	75.84	212	71.14
lima.7_19	281	220	78.29	154	54.80	225	80.07	224	79.72
lima.7_20	284	221	77.82	218	76.76	225	79.23	208	73.24
lima.7_21	282	217	76.95	214	75.89	206	73.05	206	73.05
lima.7_22	469	374	79.74	361	76.97	345	73.56	363	77.40
lima.7_23	313	236	75.40	246	78.59	239	76.36	242	77.32
lima.7_24	316	247	78.16	250	79.11	256	81.01	256	81.01
lima.7_25	288	214	74.31	218	75.69	221	76.74	216	75.00
lima.7_26	412	337	81.80	326	79.13	345	83.74	330	80.10
lima.7_27	378	295	78.04	298	78.84	292	77.25	292	77.25
lima.7_28	392	313	79.85	295	75.26	289	73.72	300	76.53
lima.7_29	212	161	75.94	164	77.36	159	75.00	149	70.28
lima.7_30	316	248	78.48	248	78.48	236	74.68	239	75.63
lima.7_31	474	387	81.65	365	77.00	359	75.74	347	73.21
lima.7_32	330	242	73.33	243	73.64	245	74.24	241	73.03
lima.7_33	284	218	76.76	213	75.00	214	75.35	211	74.30
lima.7_34	353	286	81.02	150	42.49	155	43.91	147	41.64
lima.7_35	325	267	82.15	268	82.46	261	80.31	268	82.46
lima.7_36	298	234	78.52	232	77.85	234	78.52	231	77.52
lima.7_37	265	207	78.11	205	77.36	192	72.45	199	75.09
lima.7_38	491	401	81.67	376	76.58	363	73.93	373	75.97
lima.7_39	381	294	77.17	277	72.70	272	71.39	286	75.07
lima.8_16	298	236	79.19	236	79.19	234	78.52	231	77.52
lima.8_17	260	209	80.38	211	81.15	214	82.31	216	83.08
lima.8_18	247	176	71.26	180	72.87	188	76.11	183	74.09
lima.8_19	274	213	77.74	215	78.47	212	77.37	210	76.64
lima.8_20	304	222	73.03	223	73.36	222	73.03	222	73.03
lima.8_21	276	213	77.17	204	73.91	207	75.00	205	74.28
lima.8_22	556	443	79.68	27	4.86	441	79.32	427	76.80
lima.8_23	224	156	69.64	163	72.77	171	76.34	168	75.00
lima.8_24	331	264	79.76	259	78.25	240	72.51	254	76.74
lima.8_25	597	487	81.57	0	0.00	0	0.00	0	0.00
lima.8_26	343	275	80.17	270	78.72	269	78.43	273	79.59
lima.8_27	443	345	77.88	263	59.37	348	78.56	262	59.14
lima.8_28	341	278	81.52	266	78.01	271	79.47	275	80.65
lima.8_29	289	220	76.12	138	47.75	218	75.43	223	77.16
lima.8_30	453	367	81.02	107	23.62	116	25.61	111	24.50
lima.8_31	313	250	79.87	211	67.41	222	70.93	228	72.84
lima.8_32	357	290	81.23	284	79.55	283	79.27	276	77.31
lima.8_33	318	235	73.90	244	76.73	242	76.10	237	74.53
lima.8_34	394	297	75.38	305	77.41	185	46.95	207	52.54
lima.8_35	281	210	74.73	218	77.58	217	77.22	222	79.00
lima.8_36	244	196	80.33	192	78.69	196	80.33	199	81.56
lima.8_37	544	446	81.99	439	80.70	445	81.80	432	79.41
lima.8_38	215	159	73.95	153	71.16	160	74.42	161	74.88
lima.8_39	400	308	77.00	300	75.00	297	74.25	1	0.25
lima.9_16	298	229	76.85	224	75.17	213	71.48	216	72.48
lima.9_17	398	318	79.90	289	72.61	206	51.76	305	76.63
lima.9_18	379	288	75.99	68	17.94	282	74.41	292	77.04
lima.9_19	303	224	73.93	235	77.56	233	76.90	234	77.23
lima.9_20	336	253	75.30	244	72.62	252	75.00	239	71.13
lima.9_21	364	276	75.82	262	71.98	272	74.73	266	73.08
lima.9_22	452	345	76.33	271	59.96	350	77.43	340	75.22
lima.9_23	1631	1438	88.17	58	3.56	57	3.49	52	3.19
lima.9_24	442	335	75.79	331	74.89	326	73.76	327	73.98
lima.9_25	460	341	74.13	345	75.00	362	78.70	363	78.91
lima.9_26	315	250	79.37	251	79.68	250	79.37	258	81.90
lima.9_27	404	309	76.49	300	74.26	309	76.49	322	79.70
lima.9_28	333	187	56.16	200	60.06	200	60.06	196	58.86
lima.9_29	401	308	76.81	303	75.56	301	75.06	134	33.42
lima.9_30	312	238	76.28	236	75.64	237	75.96	233	74.68
lima.9_31	246	146	59.35	0	0.00	148	60.16	140	56.91
lima.9_32	329	254	77.20	243	73.86	250	75.99	248	75.38
lima.9_33	397	297	74.81	312	78.59	302	76.07	308	77.58
lima.9_34	448	359	80.13	347	77.46	358	79.91	352	78.57
lima.9_35	254	170	66.93	165	64.96	158	62.20	166	65.35
lima.9_36	364	284	78.02	272	74.73	267	73.35	275	75.55
lima.9_37	400	308	77.00	309	77.25	304	76.00	301	75.25
lima.9_38	349	272	77.94	262	75.07	256	73.35	112	32.09
lima.9_39	464	328	70.69	341	73.49	322	69.40	339	73.06
lima.10_16	358	283	79.05	284	79.33	213	59.50	291	81.28
lima.10_17	317	204	64.35	258	81.39	261	82.33	253	79.81
lima.10_18	374	291	77.81	290	77.54	285	76.20	293	78.34
lima.10_19	356	283	79.49	292	82.02	287	80.62	283	79.49
lima.10_20	451	340	75.39	344	76.27	347	76.94	325	72.06
lima.10_21	414	316	76.33	306	73.91	319	77.05	265	64.01
lima.10_22	683	563	82.43	555	81.26	556	81.41	556	81.41
lima.10_23	344	269	78.20	266	77.33	258	75.00	275	79.94
lima.10_24	479	379	79.12	205	42.80	199	41.54	190	39.67
lima.10_25	478	378	79.08	361	75.52	371	77.62	271	56.69
lima.10_26	398	305	76.63	305	76.63	299	75.13	302	75.88
lima.10_27	618	508	82.20	466	75.40	437	70.71	465	75.24
lima.10_28	455	358	78.68	359	78.90	338	74.29	348	76.48
lima.10_29	216	166	76.85	164	75.93	175	81.02	163	75.46
lima.10_30	371	289	77.90	286	77.09	297	80.05	285	76.82
lima.10_31	476	369	77.52	63	13.24	371	77.94	371	77.94
lima.10_32	555	455	81.98	421	75.86	415	74.77	412	74.23
lima.10_33	418	320	76.56	309	73.92	324	77.51	316	75.60
lima.10_34	463	371	80.13	368	79.48	355	76.67	358	77.32
lima.10_35	288	213	73.96	167	57.99	226	78.47	226	78.47
lima.10_36	391	308	78.77	297	75.96	296	75.70	297	75.96
lima.10_37	634	49	7.73	453	71.45	489	77.13	471	74.29
lima.10_38	410	332	80.98	337	82.20	321	78.29	311	75.85
lima.10_39	460	338	73.48	328	71.30	331	71.96	329	71.52
lima.11_16	379	281	74.14	278	73.35	290	76.52	281	74.14
lima.11_17	449	345	76.84	341	75.95	351	78.17	343	76.39
lima.11_18	446	335	75.11	344	77.13	344	77.13	328	73.54
lima.11_19	361	278	77.01	272	75.35	271	75.07	258	71.47
lima.11_20	774	645	83.33	606	78.29	634	81.91	595	76.87
lima.11_21	745	580	77.85	568	76.24	570	76.51	560	75.17
lima.11_22	407	319	78.38	285	70.02	284	69.78	297	72.97
lima.11_23	371	280	75.47	251	67.65	240	64.69	264	71.16
lima.11_24	459	365	79.52	351	76.47	152	33.12	351	76.47
lima.11_25	478	382	79.92	394	82.43	394	82.43	390	81.59
lima.11_26	426	351	82.39	364	85.45	355	83.33	359	84.27
lima.11_27	519	401	77.26	360	69.36	356	68.59	350	67.44
lima.11_28	458	349	76.20	341	74.45	370	80.79	343	74.89
lima.11_29	455	368	80.88	358	78.68	356	78.24	354	77.80
lima.11_30	400	318	79.50	310	77.50	289	72.25	310	77.50
lima.11_31	516	426	82.56	405	78.49	389	75.39	395	76.55
lima.11_32	470	362	77.02	360	76.60	361	76.81	356	75.74
lima.11_33	508	416	81.89	395	77.76	404	79.53	392	77.17
lima.11_34	460	367	79.78	365	79.35	330	71.74	362	78.70
lima.11_35	435	323	74.25	315	72.41	316	72.64	320	73.56
lima.11_36	229	164	71.62	176	76.86	173	75.55	167	72.93
lima.11_37	415	323	77.83	321	77.35	302	72.77	304	73.25
lima.11_38	529	417	78.83	413	78.07	395	74.67	400	75.61
lima.11_39	407	298	73.22	298	73.22	288	70.76	288	70.76
lima.12_16	440	339	77.05	299	67.95	333	75.68	321	72.95
lima.12_17	737	602	81.68	585	79.38	583	79.10	589	79.92
lima.12_18	362	263	72.65	261	72.10	206	56.91	242	66.85
lima.12_19	393	295	75.06	299	76.08	300	76.34	310	78.88
lima.12_20	174	77	44.25	52	29.89	57	32.76	53	30.46
lima.12_21	469	356	75.91	338	72.07	349	74.41	348	74.20
lima.12_22	521	394	75.62	395	75.82	387	74.28	385	73.90
lima.12_23	442	356	80.54	344	77.83	340	76.92	337	76.24
lima.12_24	454	359	79.07	356	78.41	348	76.65	347	76.43
lima.12_25	540	421	77.96	173	32.04	171	31.67	171	31.67
lima.12_26	305	235	77.05	229	75.08	222	72.79	232	76.07
lima.12_27	471	366	77.71	375	79.62	365	77.49	354	75.16
lima.12_28	425	334	78.59	323	76.00	337	79.29	321	75.53
lima.12_29	445	328	73.71	352	79.10	352	79.10	353	79.33
lima.12_30	329	252	76.60	256	77.81	257	78.12	249	75.68
lima.12_31	506	392	77.47	366	72.33	371	73.32	345	68.18
lima.12_32	464	362	78.02	181	39.01	200	43.10	199	42.89
lima.12_33	450	359	79.78	351	78.00	352	78.22	356	79.11
lima.12_34	601	488	81.20	485	80.70	491	81.70	477	79.37
lima.12_35	391	289	73.91	288	73.66	301	76.98	301	76.98
lima.12_36	458	369	80.57	375	81.88	366	79.91	359	78.38
lima.12_37	641	520	81.12	514	80.19	517	80.66	503	78.47
lima.12_38	683	536	78.48	539	78.92	534	78.18	524	76.72
lima.12_39	1238	1030	83.20	144	11.63	10	0.81	8	0.65
lima.13_16	356	273	76.69	279	78.37	268	75.28	282	79.21
lima.13_17	351	276	78.63	279	79.49	273	77.78	270	76.92
lima.13_18	324	252	77.78	246	75.93	239	73.77	243	75.00
lima.13_19	296	228	77.03	227	76.69	147	49.66	223	75.34
lima.13_20	428	312	72.90	318	74.30	324	75.70	321	75.00
lima.13_21	378	294	77.78	164	43.39	299	79.10	297	78.57
lima.13_22	498	427	85.74	390	78.31	395	79.32	402	80.72
lima.13_23	347	267	76.95	246	70.89	264	76.08	258	74.35
lima.13_24	330	254	76.97	261	79.09	251	76.06	256	77.58
lima.13_25	218	174	79.82	175	80.28	177	81.19	170	77.98
lima.13_26	309	222	71.84	257	83.17	261	84.47	257	83.17
lima.13_27	442	355	80.32	353	79.86	362	81.90	349	78.96
lima.13_28	321	232	72.27	239	74.45	242	75.39	246	76.64
lima.13_29	392	308	78.57	309	78.83	303	77.30	294	75.00
lima.13_30	133	99	74.44	88	66.17	89	66.92	86	64.66
lima.13_31	268	194	72.39	199	74.25	194	72.39	203	75.75
lima.13_32	310	249	80.32	244	78.71	251	80.97	256	82.58
lima.13_33	301	234	77.74	228	75.75	239	79.40	203	67.44
lima.13_34	259	200	77.22	194	74.90	201	77.61	204	78.76
lima.13_35	267	201	75.28	198	74.16	199	74.53	204	76.40
lima.13_36	534	447	83.71	437	81.84	435	81.46	434	81.27
lima.13_37	310	232	74.84	229	73.87	237	76.45	231	74.52
lima.13_38	529	431	81.47	424	80.15	425	80.34	432	81.66
lima.13_39	364	285	78.30	276	75.82	283	77.75	271	74.45
lima.14_16	403	330	81.89	292	72.46	317	78.66	324	80.40
lima.14_17	378	288	76.19	240	63.49	254	67.20	273	72.22
lima.14_18	360	275	76.39	175	48.61	174	48.33	185	51.39
lima.14_19	397	297	74.81	324	81.61	305	76.83	316	79.60
lima.14_20	481	361	75.05	363	75.47	370	76.92	370	76.92
lima.14_21	478	375	78.45	126	26.36	129	26.99	125	26.15
lima.14_22	512	391	76.37	387	75.59	397	77.54	403	78.71
lima.14_23	402	312	77.61	321	79.85	308	76.62	309	76.87
lima.14_24	325	247	76.00	254	78.15	250	76.92	237	72.92
lima.14_25	410	310	75.61	258	62.93	308	75.12	304	74.15
lima.14_26	344	257	74.71	252	73.26	257	74.71	259	75.29
lima.14_27	524	406	77.48	397	75.76	383	73.09	389	74.24
lima.14_28	325	237	72.92	179	55.08	237	72.92	235	72.31
lima.14_29	392	286	72.96	300	76.53	303	77.30	291	74.23
lima.14_30	461	372	80.69	368	79.83	365	79.18	375	81.34
lima.14_31	422	335	79.38	340	80.57	336	79.62	338	80.09
lima.14_32	503	400	79.52	393	78.13	387	76.94	400	79.52
lima.14_33	353	284	80.45	268	75.92	274	77.62	265	75.07
lima.14_34	409	313	76.53	317	77.51	302	73.84	309	75.55
lima.14_35	287	231	80.49	101	35.19	220	76.66	222	77.35
lima.14_36	377	296	78.51	281	74.54	283	75.07	284	75.33
lima.14_37	595	473	79.50	463	77.82	451	75.80	465	78.15
lima.14_38	516	414	80.23	397	76.94	395	76.55	408	79.07
lima.14_39	334	247	73.95	250	74.85	254	76.05	247	73.95
lima.15_16	418	334	79.90	297	71.05	334	79.90	297	71.05
lima.15_17	437	352	80.55	350	80.09	340	77.80	345	78.95
lima.15_18	598	484	80.94	79	13.21	70	11.71	67	11.20
lima.15_19	346	262	75.72	265	76.59	274	79.19	263	76.01
lima.15_20	346	261	75.43	260	75.14	259	74.86	257	74.28
lima.15_21	287	202	70.38	213	74.22	138	48.08	138	48.08
lima.15_22	356	286	80.34	275	77.25	289	81.18	216	60.67
lima.15_23	383	284	74.15	270	70.50	284	74.15	267	69.71
lima.15_24	364	265	72.80	271	74.45	282	77.47	279	76.65
lima.15_25	312	253	81.09	249	79.81	254	81.41	240	76.92
lima.15_26	404	336	83.17	243	60.15	242	59.90	239	59.16
lima.15_27	455	361	79.34	308	67.69	360	79.12	365	80.22
lima.15_28	271	218	80.44	202	74.54	215	79.34	210	77.49
lima.15_29	605	489	80.83	97	16.03	95	15.70	91	15.04
lima.15_30	339	270	79.65	268	79.06	274	80.83	269	79.35
lima.15_31	404	294	72.77	302	74.75	298	73.76	307	75.99
lima.15_32	474	366	77.22	368	77.64	366	77.22	359	75.74
lima.15_33	521	436	83.69	133	25.53	123	23.61	90	17.27
lima.15_34	238	194	81.51	192	80.67	192	80.67	191	80.25
lima.15_35	216	162	75.00	117	54.17	66	30.56	116	53.70
lima.15_36	267	206	77.15	192	71.91	188	70.41	201	75.28
lima.15_37	325	245	75.38	244	75.08	246	75.69	239	73.54
lima.15_38	158	113	71.52	113	71.52	116	73.42	114	72.15
lima.15_39	391	297	75.96	308	78.77	303	77.49	302	77.24
