sample	tot	sg1_cr1_identical	sg1_cr1_perc	sg2_cr2_identical	sg2_cr2_perc	sg3_cr3_identical	sg3_cr3_perc	sg4_cr4_identical	sg4_cr4_perc
lima.0_16	224	205	91.52	85	37.95	199	88.84	198	88.39
lima.0_17	156	141	90.38	133	85.26	132	84.62	135	86.54
lima.0_18	128	96	75.00	93	72.66	92	71.88	92	71.88
lima.0_19	160	127	79.38	122	76.25	121	75.62	122	76.25
lima.0_20	224	200	89.29	201	89.73	168	75.00	198	88.39
lima.0_21	186	173	93.01	168	90.32	169	90.86	166	89.25
lima.0_22	205	187	91.22	179	87.32	182	88.78	173	84.39
lima.0_23	97	79	81.44	77	79.38	78	80.41	77	79.38
lima.0_24	161	132	81.99	91	56.52	86	53.42	89	55.28
lima.0_25	171	162	94.74	159	92.98	160	93.57	160	93.57
lima.0_26	240	224	93.33	219	91.25	214	89.17	215	89.58
lima.0_27	283	267	94.35	257	90.81	253	89.40	257	90.81
lima.0_28	235	210	89.36	200	85.11	201	85.53	201	85.53
lima.0_29	226	202	89.38	179	79.20	65	28.76	67	29.65
lima.0_30	112	92	82.14	88	78.57	89	79.46	87	77.68
lima.0_31	195	144	73.85	96	49.23	157	80.51	168	86.15
lima.0_32	217	198	91.24	198	91.24	179	82.49	197	90.78
lima.0_33	230	210	91.30	198	86.09	192	83.48	195	84.78
lima.0_34	227	212	93.39	204	89.87	208	91.63	207	91.19
lima.0_35	448	419	93.53	373	83.26	368	82.14	379	84.60
lima.0_36	233	205	87.98	194	83.26	194	83.26	195	83.69
lima.0_37	373	345	92.49	319	85.52	0	0.00	319	85.52
lima.0_38	203	185	91.13	181	89.16	180	88.67	170	83.74
lima.0_39	136	119	87.50	0	0.00	118	86.76	119	87.50
lima.1_16	238	221	92.86	207	86.97	1	0.42	210	88.24
lima.1_17	256	233	91.02	224	87.50	227	88.67	229	89.45
lima.1_18	135	121	89.63	116	85.93	118	87.41	112	82.96
lima.1_19	173	144	83.24	146	84.39	149	86.13	145	83.82
lima.1_20	298	270	90.60	257	86.24	0	0.00	262	87.92
lima.1_21	200	184	92.00	177	88.50	174	87.00	178	89.00
lima.1_22	164	148	90.24	144	87.80	147	89.63	145	88.41
lima.1_23	205	181	88.29	177	86.34	178	86.83	177	86.34
lima.1_24	236	201	85.17	205	86.86	200	84.75	200	84.75
lima.1_25	176	158	89.77	154	87.50	154	87.50	159	90.34
lima.1_26	178	164	92.13	161	90.45	159	89.33	159	89.33
lima.1_27	185	167	90.27	159	85.95	159	85.95	157	84.86
lima.1_28	203	169	83.25	164	80.79	159	78.33	167	82.27
lima.1_29	206	184	89.32	181	87.86	180	87.38	179	86.89
lima.1_30	200	175	87.50	170	85.00	170	85.00	165	82.50
lima.1_31	230	213	92.61	204	88.70	200	86.96	121	52.61
lima.1_32	282	260	92.20	249	88.30	247	87.59	248	87.94
lima.1_33	182	169	92.86	161	88.46	159	87.36	162	89.01
lima.1_34	362	330	91.16	101	27.90	102	28.18	104	28.73
lima.1_35	201	180	89.55	0	0.00	167	83.08	168	83.58
lima.1_36	201	185	92.04	182	90.55	172	85.57	172	85.57
lima.1_37	186	171	91.94	163	87.63	165	88.71	162	87.10
lima.1_38	167	147	88.02	132	79.04	134	80.24	135	80.84
lima.1_39	187	157	83.96	118	63.10	154	82.35	156	83.42
lima.2_16	265	235	88.68	230	86.79	164	61.89	229	86.42
lima.2_17	307	284	92.51	0	0.00	0	0.00	0	0.00
lima.2_18	26	0	0.00	0	0.00	0	0.00	0	0.00
lima.2_19	198	168	84.85	162	81.82	166	83.84	160	80.81
lima.2_20	262	240	91.60	236	90.08	224	85.50	234	89.31
lima.2_21	204	172	84.31	167	81.86	165	80.88	163	79.90
lima.2_22	222	200	90.09	196	88.29	194	87.39	13	5.86
lima.2_23	172	150	87.21	145	84.30	145	84.30	146	84.88
lima.2_24	212	179	84.43	178	83.96	176	83.02	95	44.81
lima.2_25	254	241	94.88	226	88.98	229	90.16	189	74.41
lima.2_26	155	128	82.58	126	81.29	128	82.58	128	82.58
lima.2_27	333	298	89.49	302	90.69	305	91.59	298	89.49
lima.2_28	198	173	87.37	178	89.90	169	85.35	173	87.37
lima.2_29	241	221	91.70	202	83.82	215	89.21	199	82.57
lima.2_30	237	211	89.03	205	86.50	204	86.08	206	86.92
lima.2_31	241	216	89.63	207	85.89	3	1.24	207	85.89
lima.2_32	362	332	91.71	306	84.53	309	85.36	306	84.53
lima.2_33	623	574	92.13	92	14.77	92	14.77	91	14.61
lima.2_34	233	202	86.70	202	86.70	200	85.84	199	85.41
lima.2_35	212	179	84.43	179	84.43	178	83.96	180	84.91
lima.2_36	244	215	88.11	216	88.52	214	87.70	209	85.66
lima.2_37	199	171	85.93	168	84.42	165	82.91	167	83.92
lima.2_38	276	255	92.39	237	85.87	237	85.87	234	84.78
lima.2_39	432	378	87.50	377	87.27	280	64.81	381	88.19
lima.3_16	166	146	87.95	143	86.14	144	86.75	143	86.14
lima.3_17	12	0	0.00	0	0.00	0	0.00	0	0.00
lima.3_18	152	119	78.29	107	70.39	106	69.74	105	69.08
lima.3_19	241	218	90.46	161	66.80	212	87.97	210	87.14
lima.3_20	226	204	90.27	195	86.28	191	84.51	191	84.51
lima.3_21	187	160	85.56	165	88.24	163	87.17	69	36.90
lima.3_22	302	269	89.07	249	82.45	247	81.79	245	81.13
lima.3_23	186	168	90.32	163	87.63	165	88.71	161	86.56
lima.3_24	221	204	92.31	191	86.43	190	85.97	193	87.33
lima.3_25	305	273	89.51	136	44.59	256	83.93	262	85.90
lima.3_26	256	227	88.67	214	83.59	198	77.34	198	77.34
lima.3_27	337	310	91.99	290	86.05	286	84.87	286	84.87
lima.3_28	226	188	83.19	182	80.53	187	82.74	178	78.76
lima.3_29	272	242	88.97	234	86.03	236	86.76	233	85.66
lima.3_30	252	229	90.87	213	84.52	212	84.13	210	83.33
lima.3_31	256	237	92.58	232	90.62	237	92.58	236	92.19
lima.3_32	218	189	86.70	170	77.98	176	80.73	174	79.82
lima.3_33	257	229	89.11	151	58.75	152	59.14	151	58.75
lima.3_34	234	211	90.17	195	83.33	207	88.46	206	88.03
lima.3_35	182	148	81.32	142	78.02	142	78.02	141	77.47
lima.3_36	351	320	91.17	315	89.74	313	89.17	314	89.46
lima.3_37	384	348	90.62	327	85.16	333	86.72	336	87.50
lima.3_38	431	403	93.50	386	89.56	385	89.33	386	89.56
lima.3_39	319	277	86.83	269	84.33	277	86.83	273	85.58
lima.4_16	141	124	87.94	123	87.23	123	87.23	119	84.40
lima.4_17	128	112	87.50	94	73.44	93	72.66	93	72.66
lima.4_18	139	122	87.77	124	89.21	122	87.77	125	89.93
lima.4_19	139	119	85.61	119	85.61	119	85.61	114	82.01
lima.4_20	178	160	89.89	154	86.52	153	85.96	154	86.52
lima.4_21	174	2	1.15	145	83.33	146	83.91	143	82.18
lima.4_22	302	276	91.39	273	90.40	271	89.74	233	77.15
lima.4_23	192	177	92.19	171	89.06	166	86.46	168	87.50
lima.4_24	272	244	89.71	174	63.97	173	63.60	174	63.97
lima.4_25	139	127	91.37	122	87.77	123	88.49	121	87.05
lima.4_26	162	146	90.12	149	91.98	147	90.74	146	90.12
lima.4_27	78	64	82.05	63	80.77	61	78.21	61	78.21
lima.4_28	148	137	92.57	130	87.84	136	91.89	135	91.22
lima.4_29	153	128	83.66	121	79.08	123	80.39	120	78.43
lima.4_30	165	142	86.06	134	81.21	130	78.79	134	81.21
lima.4_31	197	175	88.83	166	84.26	168	85.28	171	86.80
lima.4_32	153	129	84.31	130	84.97	131	85.62	131	85.62
lima.4_33	187	172	91.98	155	82.89	157	83.96	155	82.89
lima.4_34	230	201	87.39	1	0.43	5	2.17	193	83.91
lima.4_35	123	111	90.24	105	85.37	108	87.80	106	86.18
lima.4_36	180	160	88.89	159	88.33	159	88.33	161	89.44
lima.4_37	254	239	94.09	227	89.37	229	90.16	230	90.55
lima.4_38	267	239	89.51	232	86.89	234	87.64	235	88.01
lima.4_39	158	135	85.44	135	85.44	136	86.08	133	84.18
lima.5_16	211	191	90.52	183	86.73	180	85.31	182	86.26
lima.5_17	182	165	90.66	164	90.11	166	91.21	164	90.11
lima.5_18	222	193	86.94	190	85.59	192	86.49	161	72.52
lima.5_19	147	126	85.71	129	87.76	129	87.76	127	86.39
lima.5_20	206	181	87.86	180	87.38	183	88.83	181	87.86
lima.5_21	329	305	92.71	297	90.27	303	92.10	296	89.97
lima.5_22	233	211	90.56	195	83.69	191	81.97	189	81.12
lima.5_23	462	431	93.29	407	88.10	399	86.36	400	86.58
lima.5_24	270	249	92.22	230	85.19	225	83.33	227	84.07
lima.5_25	268	254	94.78	230	85.82	234	87.31	226	84.33
lima.5_26	194	175	90.21	175	90.21	170	87.63	172	88.66
lima.5_27	245	233	95.10	219	89.39	215	87.76	219	89.39
lima.5_28	178	159	89.33	158	88.76	160	89.89	159	89.33
lima.5_29	256	235	91.80	221	86.33	222	86.72	223	87.11
lima.5_30	245	226	92.24	216	88.16	217	88.57	219	89.39
lima.5_31	222	205	92.34	204	91.89	143	64.41	201	90.54
lima.5_32	83	54	65.06	52	62.65	51	61.45	57	68.67
lima.5_33	152	136	89.47	133	87.50	132	86.84	137	90.13
lima.5_34	242	214	88.43	119	49.17	204	84.30	201	83.06
lima.5_35	177	153	86.44	150	84.75	149	84.18	147	83.05
lima.5_36	144	133	92.36	132	91.67	128	88.89	128	88.89
lima.5_37	209	197	94.26	193	92.34	195	93.30	192	91.87
lima.5_38	254	232	91.34	216	85.04	220	86.61	215	84.65
lima.5_39	333	311	93.39	166	49.85	168	50.45	163	48.95
lima.6_16	209	193	92.34	185	88.52	186	89.00	186	89.00
lima.6_17	208	154	74.04	182	87.50	182	87.50	182	87.50
lima.6_18	189	154	81.48	147	77.78	148	78.31	148	78.31
lima.6_19	203	175	86.21	171	84.24	170	83.74	170	83.74
lima.6_20	219	192	87.67	190	86.76	185	84.47	191	87.21
lima.6_21	348	313	89.94	311	89.37	0	0.00	307	88.22
lima.6_22	304	272	89.47	251	82.57	242	79.61	255	83.88
lima.6_23	252	216	85.71	213	84.52	216	85.71	215	85.32
lima.6_24	309	290	93.85	281	90.94	281	90.94	281	90.94
lima.6_25	266	243	91.35	172	64.66	230	86.47	229	86.09
lima.6_26	194	180	92.78	171	88.14	171	88.14	168	86.60
lima.6_27	344	318	92.44	2	0.58	2	0.58	2	0.58
lima.6_28	258	233	90.31	222	86.05	220	85.27	225	87.21
lima.6_29	205	174	84.88	167	81.46	173	84.39	171	83.41
lima.6_30	309	284	91.91	270	87.38	1	0.32	268	86.73
lima.6_31	198	179	90.40	172	86.87	168	84.85	174	87.88
lima.6_32	257	235	91.44	137	53.31	207	80.54	217	84.44
lima.6_33	222	192	86.49	161	72.52	162	72.97	160	72.07
lima.6_34	193	172	89.12	57	29.53	166	86.01	166	86.01
lima.6_35	294	256	87.07	207	70.41	204	69.39	201	68.37
lima.6_36	177	155	87.57	152	85.88	151	85.31	152	85.88
lima.6_37	206	178	86.41	175	84.95	179	86.89	173	83.98
lima.6_38	453	419	92.49	381	84.11	389	85.87	387	85.43
lima.6_39	342	318	92.98	309	90.35	309	90.35	309	90.35
lima.7_16	160	152	95.00	141	88.12	136	85.00	140	87.50
lima.7_17	152	134	88.16	120	78.95	130	85.53	131	86.18
lima.7_18	185	152	82.16	152	82.16	150	81.08	150	81.08
lima.7_19	179	164	91.62	119	66.48	165	92.18	163	91.06
lima.7_20	188	162	86.17	161	85.64	162	86.17	156	82.98
lima.7_21	169	149	88.17	147	86.98	143	84.62	146	86.39
lima.7_22	278	253	91.01	239	85.97	222	79.86	240	86.33
lima.7_23	183	166	90.71	159	86.89	158	86.34	160	87.43
lima.7_24	200	179	89.50	175	87.50	176	88.00	175	87.50
lima.7_25	176	155	88.07	154	87.50	152	86.36	151	85.80
lima.7_26	239	224	93.72	216	90.38	218	91.21	216	90.38
lima.7_27	233	208	89.27	204	87.55	197	84.55	200	85.84
lima.7_28	230	214	93.04	206	89.57	198	86.09	204	88.70
lima.7_29	126	114	90.48	111	88.10	106	84.13	106	84.13
lima.7_30	194	179	92.27	174	89.69	167	86.08	172	88.66
lima.7_31	292	271	92.81	247	84.59	240	82.19	245	83.90
lima.7_32	195	172	88.21	163	83.59	166	85.13	166	85.13
lima.7_33	156	140	89.74	138	88.46	138	88.46	138	88.46
lima.7_34	229	212	92.58	96	41.92	98	42.79	98	42.79
lima.7_35	203	188	92.61	185	91.13	183	90.15	183	90.15
lima.7_36	179	163	91.06	162	90.50	162	90.50	165	92.18
lima.7_37	151	136	90.07	130	86.09	128	84.77	128	84.77
lima.7_38	294	274	93.20	255	86.73	251	85.37	252	85.71
lima.7_39	216	189	87.50	180	83.33	177	81.94	183	84.72
lima.8_16	176	166	94.32	160	90.91	162	92.05	160	90.91
lima.8_17	158	144	91.14	144	91.14	143	90.51	143	90.51
lima.8_18	139	120	86.33	124	89.21	121	87.05	124	89.21
lima.8_19	155	145	93.55	138	89.03	139	89.68	137	88.39
lima.8_20	172	155	90.12	152	88.37	149	86.63	147	85.47
lima.8_21	174	149	85.63	143	82.18	143	82.18	141	81.03
lima.8_22	336	311	92.56	23	6.85	306	91.07	302	89.88
lima.8_23	130	112	86.15	112	86.15	114	87.69	113	86.92
lima.8_24	203	184	90.64	179	88.18	173	85.22	175	86.21
lima.8_25	396	371	93.69	0	0.00	0	0.00	0	0.00
lima.8_26	192	185	96.35	175	91.15	175	91.15	172	89.58
lima.8_27	269	244	90.71	172	63.94	229	85.13	169	62.83
lima.8_28	214	194	90.65	185	86.45	188	87.85	188	87.85
lima.8_29	164	143	87.20	90	54.88	140	85.37	140	85.37
lima.8_30	314	291	92.68	73	23.25	80	25.48	77	24.52
lima.8_31	192	171	89.06	149	77.60	154	80.21	153	79.69
lima.8_32	218	203	93.12	195	89.45	192	88.07	193	88.53
lima.8_33	186	162	87.10	159	85.48	163	87.63	159	85.48
lima.8_34	202	184	91.09	183	90.59	109	53.96	124	61.39
lima.8_35	171	158	92.40	153	89.47	154	90.06	152	88.89
lima.8_36	152	138	90.79	136	89.47	136	89.47	138	90.79
lima.8_37	341	316	92.67	305	89.44	306	89.74	303	88.86
lima.8_38	122	105	86.07	102	83.61	103	84.43	103	84.43
lima.8_39	243	220	90.53	201	82.72	204	83.95	0	0.00
lima.9_16	166	147	88.55	142	85.54	139	83.73	136	81.93
lima.9_17	244	222	90.98	206	84.43	142	58.20	209	85.66
lima.9_18	218	194	88.99	47	21.56	188	86.24	191	87.61
lima.9_19	176	155	88.07	152	86.36	150	85.23	153	86.93
lima.9_20	197	168	85.28	165	83.76	167	84.77	159	80.71
lima.9_21	217	185	85.25	178	82.03	177	81.57	176	81.11
lima.9_22	287	255	88.85	183	63.76	246	85.71	251	87.46
lima.9_23	1190	1151	96.72	36	3.03	38	3.19	38	3.19
lima.9_24	264	226	85.61	221	83.71	223	84.47	225	85.23
lima.9_25	283	247	87.28	236	83.39	257	90.81	251	88.69
lima.9_26	175	160	91.43	162	92.57	161	92.00	162	92.57
lima.9_27	239	217	90.79	208	87.03	211	88.28	209	87.45
lima.9_28	204	132	64.71	130	63.73	128	62.75	130	63.73
lima.9_29	245	216	88.16	204	83.27	208	84.90	89	36.33
lima.9_30	175	153	87.43	151	86.29	152	86.86	151	86.29
lima.9_31	157	99	63.06	0	0.00	98	62.42	97	61.78
lima.9_32	209	181	86.60	175	83.73	174	83.25	174	83.25
lima.9_33	239	207	86.61	210	87.87	207	86.61	211	88.28
lima.9_34	266	242	90.98	239	89.85	245	92.11	240	90.23
lima.9_35	139	116	83.45	113	81.29	110	79.14	113	81.29
lima.9_36	192	175	91.15	168	87.50	164	85.42	170	88.54
lima.9_37	243	217	89.30	215	88.48	213	87.65	213	87.65
lima.9_38	184	163	88.59	154	83.70	156	84.78	76	41.30
lima.9_39	274	231	84.31	230	83.94	227	82.85	230	83.94
lima.10_16	208	197	94.71	194	93.27	140	67.31	193	92.79
lima.10_17	188	140	74.47	176	93.62	176	93.62	175	93.09
lima.10_18	224	208	92.86	201	89.73	202	90.18	201	89.73
lima.10_19	236	214	90.68	212	89.83	211	89.41	210	88.98
lima.10_20	254	229	90.16	219	86.22	219	86.22	214	84.25
lima.10_21	244	213	87.30	199	81.56	208	85.25	179	73.36
lima.10_22	428	394	92.06	388	90.65	382	89.25	381	89.02
lima.10_23	196	179	91.33	174	88.78	171	87.24	176	89.80
lima.10_24	299	275	91.97	134	44.82	131	43.81	130	43.48
lima.10_25	282	257	91.13	253	89.72	256	90.78	191	67.73
lima.10_26	232	213	91.81	206	88.79	197	84.91	204	87.93
lima.10_27	381	342	89.76	318	83.46	302	79.27	318	83.46
lima.10_28	281	252	89.68	245	87.19	236	83.99	244	86.83
lima.10_29	133	121	90.98	120	90.23	122	91.73	117	87.97
lima.10_30	219	197	89.95	191	87.21	196	89.50	195	89.04
lima.10_31	284	261	91.90	46	16.20	254	89.44	249	87.68
lima.10_32	358	325	90.78	301	84.08	303	84.64	304	84.92
lima.10_33	240	212	88.33	207	86.25	207	86.25	207	86.25
lima.10_34	272	255	93.75	251	92.28	249	91.54	247	90.81
lima.10_35	172	152	88.37	118	68.60	152	88.37	147	85.47
lima.10_36	227	198	87.22	195	85.90	194	85.46	195	85.90
lima.10_37	374	35	9.36	306	81.82	338	90.37	334	89.30
lima.10_38	247	230	93.12	223	90.28	221	89.47	220	89.07
lima.10_39	273	234	85.71	231	84.62	229	83.88	230	84.25
lima.11_16	231	196	84.85	193	83.55	192	83.12	192	83.12
lima.11_17	273	243	89.01	242	88.64	238	87.18	239	87.55
lima.11_18	260	226	86.92	228	87.69	225	86.54	225	86.54
lima.11_19	217	184	84.79	181	83.41	180	82.95	180	82.95
lima.11_20	483	451	93.37	434	89.86	432	89.44	424	87.78
lima.11_21	474	421	88.82	403	85.02	414	87.34	409	86.29
lima.11_22	239	217	90.79	194	81.17	192	80.33	194	81.17
lima.11_23	224	188	83.93	170	75.89	169	75.45	179	79.91
lima.11_24	289	257	88.93	249	86.16	107	37.02	244	84.43
lima.11_25	291	272	93.47	273	93.81	273	93.81	274	94.16
lima.11_26	280	267	95.36	259	92.50	262	93.57	264	94.29
lima.11_27	304	272	89.47	223	73.36	226	74.34	226	74.34
lima.11_28	267	242	90.64	229	85.77	233	87.27	228	85.39
lima.11_29	288	259	89.93	257	89.24	253	87.85	253	87.85
lima.11_30	253	221	87.35	213	84.19	212	83.79	212	83.79
lima.11_31	329	294	89.36	282	85.71	279	84.80	284	86.32
lima.11_32	294	261	88.78	257	87.41	260	88.44	259	88.10
lima.11_33	299	282	94.31	261	87.29	263	87.96	260	86.96
lima.11_34	278	253	91.01	251	90.29	239	85.97	252	90.65
lima.11_35	264	225	85.23	220	83.33	223	84.47	220	83.33
lima.11_36	131	115	87.79	117	89.31	119	90.84	116	88.55
lima.11_37	239	218	91.21	213	89.12	209	87.45	214	89.54
lima.11_38	318	286	89.94	274	86.16	272	85.53	276	86.79
lima.11_39	225	197	87.56	192	85.33	190	84.44	190	84.44
lima.12_16	271	243	89.67	201	74.17	221	81.55	224	82.66
lima.12_17	417	388	93.05	378	90.65	376	90.17	377	90.41
lima.12_18	211	169	80.09	167	79.15	142	67.30	164	77.73
lima.12_19	226	195	86.28	199	88.05	199	88.05	199	88.05
lima.12_20	100	55	55.00	32	32.00	35	35.00	34	34.00
lima.12_21	281	253	90.04	229	81.49	229	81.49	232	82.56
lima.12_22	326	292	89.57	275	84.36	274	84.05	275	84.36
lima.12_23	276	251	90.94	240	86.96	237	85.87	245	88.77
lima.12_24	289	256	88.58	252	87.20	252	87.20	250	86.51
lima.12_25	356	312	87.64	124	34.83	122	34.27	124	34.83
lima.12_26	183	164	89.62	158	86.34	152	83.06	160	87.43
lima.12_27	279	249	89.25	246	88.17	247	88.53	240	86.02
lima.12_28	260	234	90.00	237	91.15	237	91.15	236	90.77
lima.12_29	253	206	81.42	221	87.35	221	87.35	218	86.17
lima.12_30	195	175	89.74	168	86.15	167	85.64	168	86.15
lima.12_31	280	255	91.07	228	81.43	239	85.36	216	77.14
lima.12_32	288	259	89.93	122	42.36	131	45.49	131	45.49
lima.12_33	268	238	88.81	233	86.94	238	88.81	231	86.19
lima.12_34	362	335	92.54	329	90.88	328	90.61	324	89.50
lima.12_35	229	201	87.77	193	84.28	198	86.46	202	88.21
lima.12_36	277	255	92.06	251	90.61	248	89.53	246	88.81
lima.12_37	377	348	92.31	333	88.33	338	89.66	334	88.59
lima.12_38	395	366	92.66	355	89.87	356	90.13	357	90.38
lima.12_39	816	769	94.24	94	11.52	6	0.74	3	0.37
lima.13_16	221	194	87.78	195	88.24	188	85.07	196	88.69
lima.13_17	196	184	93.88	180	91.84	174	88.78	173	88.27
lima.13_18	202	178	88.12	173	85.64	172	85.15	171	84.65
lima.13_19	165	148	89.70	148	89.70	102	61.82	146	88.48
lima.13_20	255	210	82.35	214	83.92	215	84.31	217	85.10
lima.13_21	232	209	90.09	118	50.86	202	87.07	204	87.93
lima.13_22	298	284	95.30	261	87.58	263	88.26	266	89.26
lima.13_23	221	199	90.05	171	77.38	192	86.88	190	85.97
lima.13_24	190	166	87.37	165	86.84	162	85.26	166	87.37
lima.13_25	131	119	90.84	118	90.08	118	90.08	117	89.31
lima.13_26	202	173	85.64	189	93.56	190	94.06	190	94.06
lima.13_27	259	243	93.82	235	90.73	236	91.12	232	89.58
lima.13_28	179	161	89.94	161	89.94	161	89.94	162	90.50
lima.13_29	238	215	90.34	211	88.66	211	88.66	203	85.29
lima.13_30	83	66	79.52	61	73.49	60	72.29	59	71.08
lima.13_31	147	127	86.39	125	85.03	122	82.99	125	85.03
lima.13_32	172	160	93.02	159	92.44	157	91.28	160	93.02
lima.13_33	178	159	89.33	156	87.64	157	88.20	134	75.28
lima.13_34	167	148	88.62	145	86.83	147	88.02	150	89.82
lima.13_35	152	135	88.82	133	87.50	136	89.47	134	88.16
lima.13_36	323	303	93.81	302	93.50	299	92.57	302	93.50
lima.13_37	177	154	87.01	152	85.88	156	88.14	155	87.57
lima.13_38	320	303	94.69	291	90.94	292	91.25	298	93.12
lima.13_39	209	194	92.82	188	89.95	186	89.00	185	88.52
lima.14_16	256	232	90.62	204	79.69	226	88.28	225	87.89
lima.14_17	236	204	86.44	164	69.49	178	75.42	188	79.66
lima.14_18	214	188	87.85	117	54.67	116	54.21	117	54.67
lima.14_19	250	216	86.40	219	87.60	215	86.00	217	86.80
lima.14_20	294	263	89.46	252	85.71	256	87.07	253	86.05
lima.14_21	304	274	90.13	80	26.32	82	26.97	79	25.99
lima.14_22	317	285	89.91	277	87.38	278	87.70	276	87.07
lima.14_23	241	217	90.04	208	86.31	209	86.72	209	86.72
lima.14_24	199	176	88.44	177	88.94	173	86.93	172	86.43
lima.14_25	236	213	90.25	169	71.61	196	83.05	193	81.78
lima.14_26	205	175	85.37	169	82.44	169	82.44	171	83.41
lima.14_27	326	294	90.18	281	86.20	267	81.90	282	86.50
lima.14_28	179	152	84.92	116	64.80	147	82.12	145	81.01
lima.14_29	237	195	82.28	208	87.76	206	86.92	197	83.12
lima.14_30	270	255	94.44	242	89.63	246	91.11	248	91.85
lima.14_31	263	243	92.40	237	90.11	235	89.35	234	88.97
lima.14_32	314	288	91.72	276	87.90	266	84.71	271	86.31
lima.14_33	215	195	90.70	180	83.72	184	85.58	183	85.12
lima.14_34	234	208	88.89	204	87.18	198	84.62	204	87.18
lima.14_35	173	161	93.06	67	38.73	154	89.02	155	89.60
lima.14_36	236	206	87.29	203	86.02	198	83.90	204	86.44
lima.14_37	357	322	90.20	316	88.52	321	89.92	316	88.52
lima.14_38	312	289	92.63	279	89.42	275	88.14	274	87.82
lima.14_39	190	165	86.84	159	83.68	160	84.21	160	84.21
lima.15_16	256	233	91.02	205	80.08	225	87.89	204	79.69
lima.15_17	249	232	93.17	230	92.37	227	91.16	229	91.97
lima.15_18	378	349	92.33	49	12.96	41	10.85	43	11.38
lima.15_19	209	187	89.47	183	87.56	180	86.12	182	87.08
lima.15_20	200	172	86.00	164	82.00	166	83.00	170	85.00
lima.15_21	168	140	83.33	143	85.12	81	48.21	81	48.21
lima.15_22	218	202	92.66	196	89.91	197	90.37	154	70.64
lima.15_23	225	192	85.33	184	81.78	188	83.56	182	80.89
lima.15_24	224	194	86.61	184	82.14	198	88.39	199	88.84
lima.15_25	205	185	90.24	182	88.78	184	89.76	178	86.83
lima.15_26	256	240	93.75	171	66.80	174	67.97	167	65.23
lima.15_27	273	249	91.21	208	76.19	244	89.38	243	89.01
lima.15_28	166	149	89.76	144	86.75	148	89.16	149	89.76
lima.15_29	401	364	90.77	65	16.21	65	16.21	65	16.21
lima.15_30	203	186	91.63	186	91.63	186	91.63	178	87.68
lima.15_31	228	198	86.84	194	85.09	192	84.21	198	86.84
lima.15_32	283	263	92.93	250	88.34	251	88.69	247	87.28
lima.15_33	367	341	92.92	81	22.07	79	21.53	60	16.35
lima.15_34	147	135	91.84	132	89.80	132	89.80	133	90.48
lima.15_35	122	104	85.25	72	59.02	39	31.97	72	59.02
lima.15_36	150	131	87.33	126	84.00	130	86.67	129	86.00
lima.15_37	196	177	90.31	171	87.24	173	88.27	170	86.73
lima.15_38	100	84	84.00	81	81.00	83	83.00	81	81.00
lima.15_39	242	211	87.19	210	86.78	211	87.19	203	83.88
